7192
4695
5205
2748
9812
9023
8100
1042
114
4809
8866
1949
1065
3867
6904
3115
865
557
8907
6877
9318
8640
3422
9149
3353
9246
7236
4177
7080
3565
7334
8481
9375
5608
2036
1526
7870
3983
431
1363
8684
5454
6822
9
3533
2444
4671
9557
4001
644
5513
3373
8637
1033
9807
395
2029
934
7360
1992
7050
4419
1324
8333
8360
527
3602
8614
1764
378
1176
7208
8380
1954
586
3285
9663
8258
8999
7213
4199
821
4616
3447
1236
7697
3811
4273
3755
4033
3263
8132
1838
9747
24
7355
9326
6580
6709
3477
5134
4857
2424
2201
5898
9647
5110
2346
5943
6645
4216
8523
7869
56
1969
5268
1875
9775
5729
5766
7306
7641
761
8252
5436
228
5744
2962
9910
111
6054
218
6628
3058
3303
9917
7628
7548
466
5167
6638
1933
8922
6950
5578
3766
3980
6108
5858
4013
754
8115
3922
6229
4184
9880
5149
2142
7838
1899
9146
8376
4221
2046
975
62
1677
7724
1356
6657
4613
4365
9323
2354
4917
1447
358
2117
1105
646
4570
9986
1118
5583
9003
7325
6819
721
6057
2904
6088
862
5761
6152
3377
2345
678
9941
1377
6783
2865
9958
2329
9963
4887
3437
1040
293
6634
6190
2759
6507
9939
7334
557
691
2110
3833
6001
5887
2086
1692
86
1410
8179
1893
3580
7442
7089
7904
508
9278
3795
4115
1812
6626
4760
9076
6564
1721
1293
4586
9640
7650
4435
4065
8775
9750
8034
3409
2491
6825
7710
6049
2626
9519
8985
3272
4
7233
9337
1989
374
2880
1019
2240
8079
3657
6456
465
569
6058
2615
9583
5866
5444
3844
1019
4212
97
192
5694
1097
3464
5176
9119
5235
8798
7690
9946
7410
7328
7093
5838
9319
1822
2800
2198
9570
538
2495
7162
2567
6353
6881
7142
5142
4201
29
3564
9579
7324
7230
1238
5587
2067
2813
4110
3712
39
734
9713
1214
2436
8877
385
1655
8592
9867
5531
8772
1386
1475
8793
9110
2214
3458
7976
1828
104
2631
6508
789
3582
9190
2578
1008
1843
2259
9831
2594
3361
4254
663
1952
7448
8218
2168
430
9468
7106
5768
1599
9427
5310
580
2717
1504
6946
2012
7100
8441
9064
883
794
9280
3040
1467
5833
1104
5700
7920
9617
7141
1313
4563
9744
1889
4723
6090
2963
3453
3568
118
6313
6365
9223
3349
1877
343
1642
89
2789
2981
1130
7161
5746
313
8211
3335
5351
1105
3096
2850
2324
779
9135
2396
2597
2698
8544
4351
9775
4409
3530
539
3531
7471
6215
7987
7655
8644
465
569
3080
3828
101
7575
6068
9138
2759
1136
1040
2206
6022
4693
4229
7466
4641
6060
872
8681
5914
7519
5658
3385
9898
9905
1757
962
5365
8214
3241
111
1567
8259
45
4029
1631
9955
922
9234
2740
1500
5660
7712
1062
818
2042
3114
1678
506
49
8822
839
689
4140
756
806
3070
1847
2462
3529
582
7171
6704
7261
8879
2572
2969
850
503
5434
5106
5602
1973
5397
31
8112
2495
2284
2964
1022
6062
9032
6746
7874
5631
7484
2387
3017
9644
7008
6698
6412
11
8415
1405
4018
2901
2973
8511
4502
8249
9005
9514
186
385
1553
1746
381
5526
1907
512
377
7808
5236
717
416
8640
9460
701
1288
7378
3873
1342
4724
4253
211
2689
774
13
5911
2088
9873
6755
9771
6241
6100
1018
2250
82
4388
1309
7671
7509
4376
40
5039
6406
9643
8845
2570
9147
3469
6008
5891
3171
5259
5588
9000
1122
7857
9119
5636
844
2029
3483
4603
5631
8806
6295
1798
9671
7197
4078
6768
2268
7346
734
1631
4126
7274
3740
5287
1124
8175
7253
1628
1905
8121
2968
8262
9992
828
35
9818
3794
2114
5963
9111
750
3466
8928
5789
7016
6417
6432
7893
8588
5008
9850
3325
1597
1109
3654
3123
7665
2647
6515
7540
6367
3957
7105
213
3613
6638
97
178
4595
1814
1786
405
8451
4935
5309
8777
1565
5734
8266
6783
4062
8312
3796
9089
1177
2261
6211
7557
6986
6588
1177
2437
8326
1191
9848
269
2854
6400
7553
1860
1542
8899
6911
7102
2153
4998
1046
9361
9103
6615
7846
6838
7306
6837
965
4707
2637
9617
172
6039
3862
1094
7839
3013
1422
2631
3107
3653
4078
9224
5404
2359
8644
6144
7364
1018
758
2366
8195
1260
1126
6601
731
4034
5191
5388
6195
9386
3151
2610
1591
3055
6861
9725
4013
8317
3933
7790
1627
6022
202
7312
3096
1525
708
2406
2000
1008
1426
7143
796
1619
1001
6550
3617
2011
1149
167
775
6384
9000
2286
7661
6294
41
202
1964
9749
1550
7795
8521
7304
4101
3632
3758
9860
1023
2620
811
9130
7878
7433
6569
4398
6737
2325
496
4216
1334
7069
2442
2379
9407
9167
103
7716
8480
9940
5938
6597
135
7086
1427
6163
3509
9774
5271
1917
4748
9498
5549
1710
4858
2733
5219
1445
981
8639
3728
4530
1223
6150
9218
3636
5468
8157
9004
8017
3818
516
1096
3269
1889
7880
1891
2767
8882
7028
1961
5672
1684
6296
9102
6581
2597
3930
5664
4191
6558
746
201
6641
1787
2699
1737
4306
8457
9166
7283
1092
3184
5968
1815
6524
4723
5704
5984
483
1701
842
7374
4220
9039
9583
7191
4775
656
9912
3273
7493
932
4449
3476
4669
5015
7859
918
3663
1516
5420
694
3415
7497
8962
4453
8244
8422
9398
8146
2489
6
1894
8733
243
5892
2006
5598
8828
8546
960
2631
5792
6206
1625
8871
7006
6694
774
8592
561
5197
3454
588
9120
5934
4626
4587
8195
7409
8347
5648
5159
1788
2258
8013
1539
4268
6758
5708
5548
5108
4281
2000
5878
9124
9164
2843
3548
3630
9212
1345
4513
4693
3117
8381
9384
1463
7782
4242
5729
3517
5245
8596
3606
9904
8165
3640
6565
8062
4805
4506
7710
7437
6779
7166
2431
9375
2801
9145
7390
887
3406
9440
7383
5372
2032
8320
1351
843
4648
9121
8088
5985
6103
9925
4445
4393
8312
7717
3361
5811
3197
9038
9595
3654
2287
7591
8021
215
1584
9895
8669
4554
7747
2357
6155
1705
1135
5791
900
787
3904
2447
7631
5926
4702
8171
8566
160
8322
9868
2319
6226
2294
9186
8683
5671
6028
9189
2030
6147
9570
7278
721
4511
6324
1560
7397
1108
210
7937
8185
102
8388
1126
9069
4628
3676
9166
7287
2060
747
629
4486
2660
2998
428
2262
887
8458
9855
4500
5244
6894
1847
1154
8893
152
4961
1100
2871
1282
5807
9324
3085
7870
5741
5003
5250
664
2646
1737
8743
9531
9752
3264
7569
6759
1078
3588
494
1426
1165
589
5754
7004
1449
6311
9629
1639
4152
9609
3687
7990
511
1942
7823
1813
7164
385
1129
2154
107
708
2646
3851
8973
7171
9120
8337
7814
9116
6710
9243
2215
2273
564
3893
9531
1274
4134
1193
5477
2084
4895
8983
458
5167
661
1074
4411
2519
240
2411
9718
5568
1699
7042
9244
7080
7353
8570
9078
5111
2772
381
7476
490
5506
4863
2375
2625
9153
615
1728
1109
2469
8988
5192
1326
8967
4508
8481
9364
2432
1778
8637
8117
5926
9369
2430
8982
9718
540
7213
1037
2947
7472
4479
4687
2749
7765
7396
2917
1382
3096
2146
1620
2561
509
7090
7021
3900
4059
6825
8466
496
2840
5161
4426
2534
5254
5145
6759
2764
4478
4627
7862
2521
8381
6125
503
4637
3756
1002
8974
2380
7061
7953
3672
5964
7666
8590
7586
7645
2439
1640
2487
9097
5331
5955
9304
5292
1588
3222
6641
8758
7321
3792
5290
5038
6827
2839
395
8153
78
6273
819
891
7860
6822
2443
8110
4052
7733
2630
5105
985
6039
4748
7538
1229
9441
6295
1759
2184
8942
9982
1834
7620
8316
4528
603
7299
8725
3011
458
6210
817
8286
4989
5007
5642
9923
9070
4874
2624
2193
6049
728
7886
8153
5300
5822
5181
7679
520
2252
1031
484
8000
4471
9103
5522
2040
7371
7103
8279
583
481
3378
8869
999
4942
7747
7065
6325
3116
2502
3355
7428
6861
5957
5189
967
476
8333
8
2879
2231
7435
2507
6209
282
9889
6950
1500
5389
509
6782
2201
7298
9996
2641
3508
3799
5691
6101
7530
7843
1134
1931
5523
9806
3781
4538
8834
1569
8587
3033
2235
1185
5312
9997
7285
2470
2778
8997
9391
5553
696
6993
9160
6077
9543
4570
6425
1876
4009
2686
6678
5893
7890
9707
7638
1381
1332
1694
9534
7093
3998
780
4709
642
3808
2017
9459
66
9938
582
4379
4525
5862
4201
9947
9546
9260
4968
6385
9164
916
4829
3472
189
3273
2737
6564
7562
7804
42
3874
46
990
8775
212
1827
5746
2750
2835
7110
6370
2131
8918
8667
3425
9884
4922
6514
9217
1810
3810
2584
3846
123
6721
1424
9547
278
1653
6787
8835
5318
71
9510
514
5747
2448
4588
3166
4269
463
6491
2672
34
952
2963
2783
6802
7390
3564
9551
114
148
3215
2214
2350
5409
3608
2879
1394
7746
4426
9283
8378
3749
2340
4660
1928
7843
4003
92
8230
7261
6104
2278
2188
522
395
4250
1141
2527
3360
3231
8094
641
7369
9116
6574
3159
9596
3967
5580
3475
7
3218
7965
6867
1473
2811
4589
2147
9314
1460
4176
2789
2693
1450
5225
7619
5341
121
1435
148
6343
1591
8239
478
7215
9632
1285
8236
7253
4643
6606
4032
5520
6698
2408
9865
387
9951
1435
2136
3920
6957
4005
6784
779
2054
49
8797
6337
7444
1342
7478
9032
8801
1772
2485
151
5290
7321
3543
4986
4033
4206
4559
1583
3922
692
9520
5877
6665
1675
7307
6454
2722
7499
853
5425
3248
764
1629
7149
1410
2404
9149
1259
6323
1423
6670
7740
6834
644
4929
51
6866
2389
6763
6811
9378
8615
2784
8044
3599
1555
6484
6938
6872
9563
1245
3311
5330
8513
9181
171
1965
213
1664
7865
3991
8654
2369
8467
4224
2332
7345
248
6238
3899
6138
5677
5698
5401
4016
7538
7002
4987
3978
9559
8440
1917
7152
590
5891
2106
1077
258
2732
6555
7239
2537
7236
8131
1636
3286
3868
3050
3152
8386
9773
215
6436
7884
3034
7092
9449
2782
5954
8461
7894
962
1210
2473
9637
5029
3659
5693
7964
6427
2087
2797
8891
9507
8786
4324
8626
1772
4158
4117
2117
1656
3464
8787
6898
7296
2450
3150
2722
3816
5136
6127
7359
7493
5414
3191
1637
4940
1889
1091
5979
156
4854
5426
884
3551
9737
4905
7441
5965
7167
1975
1417
9490
6133
4101
8860
4705
9762
7088
4884
2921
9290
9179
2526
4119
501
2222
1799
3644
9439
4387
586
7088
9537
8819
1049
5526
1249
9052
8746
4834
6949
5414
4564
4633
2205
3846
3609
600
4466
8610
1623
3992
5994
7543
9034
1040
2365
8999
2340
8843
6300
407
2736
7020
9393
4168
163
4063
82
7443
4228
4274
1242
5579
6317
1444
8937
2750
1762
2396
5274
1468
8802
8701
8422
9883
4620
7081
6120
6378
3956
484
4224
5477
1637
9450
1356
3321
873
3875
5828
6728
6599
4341
5300
1502
5005
987
880
3205
2191
8902
2882
70
8622
6497
5352
3601
6971
9065
8860
2335
3678
1820
8868
1894
291
801
1579
6013
1540
4681
911
5057
6829
7556
5293
7335
1899
1479
953
178
9255
1388
1667
1175
6226
5675
5622
7600
336
2440
8595
4430
8714
4957
414
6226
1023
7193
967
8797
1324
585
3355
2087
6908
598
6603
9581
7376
3375
446
1839
6642
824
7987
2201
4167
2307
3674
2287
7219
5119
8084
878
3681
7006
183
3777
580
6139
8566
6114
5096
2395
4016
6209
2620
4307
3832
9866
4756
3211
2406
7858
6297
9570
1884
4610
4100
1314
1243
8503
3915
6405
6534
6713
2299
1159
6791
3050
567
382
8178
290
2368
840
3815
1785
774
4756
3563
7700
1997
8068
3785
3876
5652
6912
916
3291
3394
2623
3969
9664
7745
834
2371
389
3999
3921
4455
2359
5315
4058
2817
3237
7293
583
2038
7445
9202
6640
6060
2180
8934
1104
1599
9804
1466
7372
789
2715
2984
9474
4788
2386
4284
8798
466
9947
7318
6803
5757
3214
2942
8232
1949
7525
1431
3440
5271
558
8455
7119
803
290
5573
3258
2928
4292
5988
4094
4726
8012
2287
1187
6700
9252
133
1458
4907
5778
8200
165
7811
8632
8128
895
8716
2536
981
6236
8464
7228
3949
281
6488
6901
3795
8775
3220
1954
2489
9916
4094
3892
7055
2091
3841
7120
5684
5829
1766
1700
9996
7680
8863
365
2738
5271
6552
5544
6784
6338
2171
2295
1054
4375
1027
935
8423
5217
755
4448
802
7376
7783
7420
5983
897
7643
7116
9584
1392
795
8343
7930
795
4459
1668
6268
441
4264
4475
7088
9962
1470
2103
8927
112
1548
7502
618
3455
1109
6628
710
401
1128
9084
6872
5790
7906
8033
1505
7322
962
1460
171
1502
8510
1767
2629
715
8180
6841
316
8333
5347
4499
523
6829
8859
1299
1715
2137
8226
4854
6862
920
3145
6188
7697
1032
1726
1238
4912
1419
451
7459
3991
3410
4991
4156
598
1800
1076
9740
1228
8754
81
532
9816
9093
8520
2142
5995
3224
4418
6992
3858
3948
7602
1155
3843
9737
7336
8533
1525
9483
6663
2332
4069
9598
3480
1068
4438
1861
9408
6459
297
1841
4784
8290
3502
2864
9771
2198
1306
7523
3758
6873
2857
5269
1947
9835
2565
25
262
3220
4087
3171
6212
4423
8030
7530
6384
703
3902
3228
4384
4333
9867
5986
4167
1829
3142
9334
3837
4293
1207
8083
6988
2600
3276
6523
5612
2122
8528
559
1633
2877
6367
2138
2163
5499
7065
6910
8943
8301
8070
5156
3660
1355
4153
8430
5776
3941
7480
8320
8388
8065
1130
6798
3846
5478
5554
1815
4477
5801
6571
8851
5410
1046
5925
4664
6797
4145
8079
3523
9229
6765
4277
6597
1340
7869
316
1420
2754
1689
4587
2101
7546
6579
1148
8878
738
3851
1156
4944
870
6544
7871
189
1151
8
5808
1494
8840
4065
2615
2000
914
1576
8115
664
745
2107
7387
3285
8310
5338
792
4349
7413
9715
1509
1771
1370
4799
5337
1103
1872
2374
2084
5941
8482
3546
5624
299
6238
2387
1322
3678
502
1414
1737
164
4409
1884
9039
2896
8482
9424
3446
3969
543
8009
1564
75
2276
8601
1610
714
5473
3669
2433
2484
2626
6950
3238
143
1685
7519
560
9812
7329
6463
15
4834
4085
5673
1888
5205
447
4451
3694
1256
8702
1581
3610
7864
2826
9810
7278
59
4418
1459
5087
7810
1638
8706
4770
5323
6023
1292
8560
1130
3564
2875
4380
8568
7974
1531
8885
172
3141
7963
5399
6202
2876
1206
4583
5289
755
4483
2366
650
5132
6361
853
2149
9176
7111
5667
1526
4843
659
2659
1672
4205
1074
57
4960
6258
2632
8694
9374
6636
703
4522
5727
3264
4477
3290
8583
1095
4642
8994
925
3253
6879
7948
7351
8959
8125
1330
4136
2953
4924
8672
7095
2621
219
4990
4530
35
7272
6316
6626
6605
2153
9743
912
978
9642
8715
1753
7246
3815
2001
3486
9175
1101
9228
271
7539
284
6486
8234
8840
5743
5984
5294
6709
5439
3682
7492
7919
4405
9695
4592
3246
6063
3533
2533
7418
69
1715
2119
5440
4268
2788
629
1433
538
2188
3846
9836
9787
1352
7522
2978
2660
2458
245
8267
8902
1661
5456
2208
9797
8646
6481
7897
4922
9388
1060
4896
1478
6090
313
9205
9767
8242
1576
6082
752
8964
4323
834
9876
2703
939
5054
339
9527
9237
3625
3208
2712
2493
4413
7106
3162
6044
1956
7186
9062
8359
2172
1940
1975
4744
5973
2818
1812
9713
92
725
1869
2958
8349
9757
2804
4346
8436
3027
4335
101
7477
765
4411
6836
2494
2338
5107
3113
9657
5582
864
8757
2758
184
5219
5435
4936
4659
2434
8119
5182
1794
623
2623
3029
2911
479
7769
1245
1165
3129
8445
7353
4412
2589
3644
6395
2157
3752
5297
831
1576
1365
3510
6614
4522
8005
4651
1958
8034
2835
9571
6752
4878
1281
1199
3891
1554
7271
8159
2511
3705
5102
1494
3612
1262
6871
541
2507
45
3009
3515
910
2598
5387
5267
148
8386
8230
734
1895
1657
6767
8236
2186
1555
8380
2645
13
8333
4053
9396
8787
8559
5781
4246
9446
7163
2368
3776
3673
137
9735
4767
2621
353
1546
1907
8984
5864
126
8111
3508
8510
1775
746
5316
8519
23
1465
540
1242
9952
5057
7537
454
6407
2248
879
2235
3521
2059
7482
1688
4354
1061
7062
2513
6715
9935
7963
5091
3636
6211
5619
315
8123
5125
1958
2051
2795
5476
2985
3167
2353
8413
8210
2008
7323
1585
2302
4262
7490
3800
2439
771
3001
3254
2624
1021
4326
1085
1139
397
5040
548
2654
4758
5402
4630
6072
9087
6848
3037
458
6805
9663
1360
9468
5419
6282
7195
2637
6371
7994
1567
1800
6882
3685
2745
1603
1023
3298
8487
6250
2924
3564
7177
6331
3800
1461
1140
4675
3379
8045
5820
601
8052
6851
8259
889
9080
1211
9021
1940
9356
7009
9319
5269
1869
1821
1479
823
4701
3576
7733
8550
1705
3069
8234
9508
5368
2403
1767
2925
2103
1355
8810
2188
9843
1605
3165
5103
2663
1911
5856
3097
8279
304
9016
6230
7163
234
1943
2708
208
1663
5805
1441
8123
9294
3631
2335
1664
5357
2248
5199
2018
1921
7534
6829
5548
3708
1526
7352
6495
5590
4266
6293
6941
6367
1242
52
7621
3620
2705
2515
4432
6784
2153
305
1452
5381
9361
566
854
4011
6318
626
5006
2295
8064
3427
8341
128
1255
394
8794
1327
4133
2848
646
8549
9046
6853
4916
4082
109
3866
5765
4722
7617
8048
3314
7418
6424
5552
2611
7540
802
2012
833
1367
2553
2021
9063
9931
4423
6207
7358
1147
8649
4146
3433
7387
9635
4899
1374
3900
2116
450
8566
2286
5499
181
454
7830
202
1477
2575
8912
6058
5847
8852
9271
3696
2717
1130
7666
30
446
7876
8945
8781
1636
8079
2745
9913
4436
6139
1691
8925
3252
4236
4540
3265
2504
4736
9216
2785
9821
3426
2121
2768
8905
3534
6943
4733
8450
8390
1680
6773
751
5620
3258
4345
7900
8865
9973
945
7698
4549
4551
4048
7158
7376
339
8074
4497
3144
1586
3412
5968
8276
6644
5147
8876
2777
1032
4984
2220
6194
5802
7507
8442
9286
2797
2933
52
3269
3754
6258
596
5986
5911
7078
7122
4088
6795
4015
4855
7782
9585
6332
9830
7276
8524
500
9895
5755
2826
1546
931
4168
3195
4784
6823
4385
8147
2682
6338
1347
8718
8004
1025
492
6612
8150
5390
1980
2046
6567
1493
337
9736
3568
9687
6547
7590
1362
8081
7837
2716
4826
6015
5134
2505
5316
1182
7087
7300
575
2304
821
1594
799
3331
3225
7670
712
5348
4630
8018
9210
8768
5922
1500
8760
6651
6481
3629
7197
8772
3975
6806
1313
1737
6189
636
8280
487
374
5655
1372
4629
913
9061
8956
1073
6161
1972
8757
3211
9884
4895
1280
257
6465
6216
556
1898
7902
1287
1630
6519
1473
7538
2502
3495
3165
1054
1475
154
655
484
377
1752
657
4360
946
4259
7470
2582
6820
2490
1559
3886
4578
1520
4550
9858
3685
2204
1442
2396
5212
6786
5522
3062
8737
1218
629
1012
702
7583
1153
2004
8975
8787
3979
7290
9402
4881
2135
1669
8285
5067
4975
7222
599
1797
2345
1346
6186
9946
3700
886
959
5325
9204
634
906
5970
4655
4953
3151
9391
8518
9535
6325
5373
7384
4836
2187
1379
259
1577
8777
5653
4188
928
4999
2313
9905
3169
1107
7562
7246
6170
3279
3264
2413
4919
7674
6112
7281
4946
176
1408
6212
9805
436
6750
7807
8845
3021
8641
9835
4825
5534
4560
1990
2052
363
5202
2408
9063
345
5862
1686
8690
6277
2019
5702
5220
6552
8370
2052
3018
2825
379
5589
9716
4323
990
6458
3886
3624
6308
1207
270
807
9396
8212
361
6202
2889
4612
6331
9107
180
7061
2678
984
6687
4743
3786
2828
9538
6784
4983
4608
569
5887
5279
7082
4533
3279
8319
9877
2162
2607
2479
5689
3369
352
4952
1724
8711
4702
2454
7609
9758
450
5086
5360
6042
2023
9201
5103
2007
2493
7681
7663
9921
3162
5444
8353
1115
9719
8759
9051
4276
1850
2357
9054
823
2944
3176
298
5219
7678
2319
2148
8362
7671
7729
4294
3613
6224
224
5288
8232
8930
1745
6590
5594
4128
1036
1089
7304
426
5615
3651
1635
4641
6519
317
7862
9261
6178
4987
4180
6427
5455
7867
898
506
2375
9601
9377
2840
3024
5839
9039
5656
527
2915
3966
616
7518
4321
805
9856
318
7571
2437
1805
687
4974
1727
4078
589
3015
3812
8958
6029
9382
9565
5012
1817
2794
2524
2488
8408
2524
2547
9895
2242
5096
628
4041
530
9322
3848
2896
2557
7173
4099
6516
7986
1834
9720
8141
6834
4071
4314
5632
8386
158
2163
3213
8175
2311
8696
6440
4593
1656
8012
5911
2291
5748
4851
9244
354
8978
7034
1476
5811
7440
6022
2606
8954
7480
4746
3696
6361
9234
5102
7463
5974
9737
9324
8637
6288
7986
2747
16
1667
2858
1986
6704
2633
7184
661
2345
1907
1187
6564
7954
4585
1357
8517
7957
8767
1808
9774
1728
1641
9280
6503
9515
5184
2674
7280
3548
4789
2114
1519
4727
7125
1835
6621
1242
6253
1411
5761
1192
1984
2693
5932
7267
1639
531
3879
3871
8
795
6138
4725
8939
1913
6367
3046
4280
9598
5095
4481
6101
6688
5531
8903
8639
6530
6901
2764
7159
1829
9839
2144
3087
782
7004
2015
756
1802
9158
4006
7134
5424
5240
1143
7238
1766
3453
6126
8936
1687
4665
8405
8137
2323
1751
1526
5754
6503
642
479
382
1534
6263
4986
6824
520
1706
9069
9513
7867
9545
4368
7545
5527
4079
6477
4851
5934
1274
7485
9462
660
718
9328
2600
7635
4666
8397
2654
9090
4028
7867
1978
6087
5921
1854
2212
283
4800
6807
6509
6653
4984
1621
7743
8713
6950
9425
8345
7370
9788
2665
3578
9853
8046
9994
2219
7097
9678
5971
3698
4940
7771
1608
9028
9671
5078
5540
2907
7293
2181
2339
8601
5784
1867
2015
4411
1437
2055
7417
2545
7025
2636
7867
3645
2075
5345
1883
3514
411
1402
5826
7887
780
6487
5421
4100
8935
284
116
2740
3784
4273
1514
900
1508
3034
4149
6099
2395
2121
4926
6066
4475
8210
4410
9430
8981
3072
2442
5724
1444
6438
1888
8860
5579
6553
8996
1857
4685
1772
1382
4648
5299
9868
1684
615
5306
6077
7278
4304
9132
5476
6856
5781
7296
1350
5968
2574
2772
49
8929
7418
985
7834
438
4898
9919
1015
7987
9684
7427
6222
881
7278
3463
5054
3401
2137
49
2268
3011
9625
9734
6048
5151
5122
6153
3345
1331
429
1726
3470
3494
2651
9524
2319
1180
4457
2162
1915
2323
3220
4593
2299
4654
2847
7675
9823
7024
1955
1074
9327
8076
71
5604
597
7722
3008
2477
7465
4412
3914
1901
5053
3634
2040
1708
4139
7866
7864
1212
7963
3436
202
542
2345
7253
2051
647
8695
6115
6509
2340
6958
1553
3825
8683
8715
3986
2152
6324
664
1475
9662
9896
4888
4508
1688
1881
1223
2136
2855
7587
2401
8726
1086
3794
3458
3886
9153
8403
4558
2968
7102
5807
4082
409
8176
4229
2826
2095
3521
7447
4644
6672
640
8392
5893
8318
8724
1316
5180
9053
4576
1281
6836
4328
4583
8101
6413
417
6897
280
7596
6920
2223
4827
6065
3965
587
809
954
1705
1876
2525
4791
9274
8297
3380
3822
3230
6835
2676
7904
2195
40
3901
2939
651
8734
3071
3969
6757
4364
6157
1897
4970
9687
6913
7493
9430
8700
4767
1188
5672
232
7934
5704
8139
416
8628
26
8917
5198
6625
9436
6864
1978
2064
7984
6840
9834
3545
2568
3476
810
3691
541
6696
5567
2040
9396
3594
3720
8528
7214
6659
5398
1443
8431
2777
2190
3985
3153
1019
4013
9684
9033
9645
3916
1233
2074
5236
9667
1291
3401
9028
130
2152
6049
4872
6958
9880
2024
1137
5337
5059
8321
7764
2438
3282
8771
5053
6219
7074
2987
9448
39
6372
702
545
7862
4648
913
5226
6579
2235
8572
5918
6397
8590
2699
8243
4749
5962
7607
1861
2343
640
1094
9121
207
614
6206
1951
2510
4367
2144
2852
2757
7065
4898
9158
4929
1630
7501
2161
7168
9235
7705
2841
19
5061
3141
5361
2548
3812
4827
7916
937
2096
483
4067
3050
4756
9431
38
2944
7344
7768
1382
8206
140
2991
194
6405
6505
3206
5664
4594
4842
8568
5311
7115
771
2853
2442
6058
1121
6043
2112
7496
2330
1506
210
7406
3958
3590
2076
9576
6334
8139
5623
3451
5364
3868
6254
8217
5219
4996
8560
1970
8537
6449
9494
2909
1634
149
8278
3703
2502
8367
1303
4731
2022
313
3893
6900
1699
5811
2103
9103
6672
7137
8735
6580
6665
2865
2290
933
8724
7135
5177
7272
3958
7548
8375
5570
5177
3404
9324
469
6733
5359
5769
8299
7933
7586
197
4483
4548
2439
7584
92
9775
5938
1542
1168
3204
1766
8374
2531
1283
2255
6883
5659
7212
5585
1130
2370
2241
2129
1845
4057
5053
9794
912
1264
1830
9604
2939
1364
9839
728
1103
6824
3137
1318
7444
4583
8299
8802
9697
2856
6008
285
2710
1620
5792
2424
8215
7988
8673
3134
2538
1502
95
8130
8947
8561
4329
1015
205
2542
3534
8223
2060
7147
9264
2886
7504
754
6665
4192
6573
7471
5483
5055
8729
7898
9660
4681
6278
7281
6401
1594
2368
8090
9722
1575
5513
2535
9359
995
516
1274
4057
7844
6046
1852
3972
5848
9827
9097
5475
7365
8896
5502
9445
2158
2517
1030
2935
8189
8782
6976
666
9981
6578
7365
422
7783
5835
7401
8623
9856
4967
1840
1222
2800
9934
9139
1924
8246
5717
51
1603
4202
9987
9021
4333
1091
4850
5807
3897
2458
9848
1210
4482
6367
839
9432
8379
859
257
3088
7137
742
5088
6775
79
7209
6788
1849
5560
950
6286
5081
6080
9799
2750
7509
3739
3109
776
5278
6059
6218
412
8758
2484
7192
7862
7115
2242
4123
4243
5859
461
4093
3909
7944
1532
4409
9256
1926
5096
4898
3078
6674
4098
5700
2440
2318
3496
6139
1311
9050
4324
2947
7602
5805
8773
3424
3560
5333
9282
2879
8376
4923
3004
1485
3199
2698
7251
2486
5106
9793
9596
2160
9141
1111
3314
5434
4971
4975
2747
2639
4510
4988
524
9807
2594
3175
1839
9935
3653
8959
2003
3344
1130
8591
1413
4558
8998
3878
7534
4906
7226
9443
5901
2106
1794
160
2775
6207
5837
6113
6716
664
8863
1980
6188
405
7219
1867
9641
6126
1525
9424
4302
9252
7791
5352
6720
5016
546
6420
6837
956
855
580
6931
6935
4326
4916
6761
9981
1191
6539
1172
1101
9896
2705
9771
7564
5662
1986
4523
9763
7599
6417
2538
2485
7072
8334
9430
5700
4122
7978
7614
2532
9122
2011
6148
7215
8761
9195
945
9626
1233
7238
2425
440
6338
2564
6657
6094
7227
1043
6606
1447
1037
6185
1695
5209
4500
840
8894
3976
1975
2771
947
6281
275
9952
330
6346
8627
7839
7926
2768
2355
8298
102
5232
3956
3516
6390
18
3570
9495
1017
9075
9733
465
4758
506
9029
5279
7777
5581
9553
501
4843
3605
4914
796
1260
5024
6187
5013
7232
3477
532
7214
7136
7629
1720
4082
8211
1504
7003
4133
36
4445
320
2017
3334
7903
3657
1466
9285
1852
4880
1897
2543
1279
8759
5575
5107
2313
5211
7608
856
5043
6862
8890
7009
5383
100
2734
1055
5776
9422
7462
2648
6655
934
160
1495
1679
4810
2162
4404
4188
6412
7014
3142
9135
2649
4424
277
2877
969
6302
4949
4433
7559
5639
3744
6310
3841
7271
787
6202
7842
5554
6684
400
8446
4166
242
2564
8494
6462
5733
9588
4109
8629
3736
9613
2545
424
1261
8676
9166
2799
9823
599
8424
1645
213
3826
887
981
1894
8134
7168
2960
8824
7671
8466
5404
9198
7733
1374
6407
881
2350
2202
541
2813
8209
6759
1294
3088
38
5314
9828
5487
7245
1448
1267
1529
1412
3454
3713
6864
6140
4656
3336
5221
1598
872
3498
8755
810
6929
5909
767
7905
5356
3111
5790
8564
1491
9395
6872
7355
893
1140
1643
3451
9905
738
4419
8146
9726
8035
9577
8469
2682
7748
874
8140
1513
3560
5161
171
9297
3519
9623
1749
8043
2187
5010
9068
5293
4495
4268
9388
6118
1513
9390
5817
489
3697
3388
5941
9390
5842
842
8119
3205
1897
6863
3321
2205
7260
9897
640
4964
734
4994
4977
7935
4640
5281
4562
4604
1001
4708
2191
9942
3976
2285
7391
5017
3961
6250
5078
871
4519
3930
1771
4379
1666
9276
5997
1803
4529
5834
721
2771
921
2199
5983
4208
3902
2804
3567
8218
7961
3705
7422
5589
8124
8050
437
4889
4450
1367
363
6865
5242
3505
858
1170
2037
282
624
5133
6317
8309
3671
4982
9321
2638
7062
7541
8894
3474
2121
7277
4601
82
5103
2251
6266
1332
3667
9393
8259
7643
510
3268
7442
3928
4954
899
8170
2592
4490
5753
137
1280
9192
5141
1349
1023
2270
4583
2328
115
9946
814
2014
3207
9788
624
2813
2011
5009
169
356
2828
3221
248
7111
6486
3925
1542
2634
9463
483
1496
3452
6709
669
5751
2598
9843
6800
3487
5171
2480
440
2980
1475
2993
7164
140
2123
288
1608
9512
1423
9684
5642
3940
2962
9395
5777
6194
2637
230
4323
626
3054
5180
3471
598
4995
7665
8674
1138
2184
4480
7293
281
6125
5431
214
6198
5116
2666
7054
3768
5705
9819
9444
4754
3035
7800
504
4769
26
7541
9026
3983
6761
2508
7716
9656
645
834
3213
1467
9151
5259
9568
7107
3751
7057
3060
1239
3737
8737
6925
2703
397
9847
9131
9064
857
3772
2849
7833
1290
1820
8745
2839
7875
365
1669
9718
4596
4540
9641
3297
7343
2586
1080
7435
5079
2183
4349
3671
954
3326
475
1206
4561
5234
4806
1983
8213
1847
5700
3843
324
4036
7694
9969
3492
8423
5579
5463
5463
1753
1711
795
7360
6692
7631
3129
9941
3970
3865
638
5222
2648
8946
980
205
9219
2175
2894
8982
2417
9464
8071
1201
6772
2922
6886
4501
7746
1677
6693
4807
3217
1541
5794
2523
1969
5932
3941
5579
3354
8688
787
4326
2615
2793
7155
1210
8355
9773
7151
4229
3875
2695
3677
9864
2084
9846
9374
45
1863
8642
5558
1595
4058
8549
7166
5480
2506
7447
6439
9406
7349
4266
1504
1537
1604
8919
1673
3328
2504
664
1608
7113
6005
4232
1708
4130
6413
8408
9185
7525
158
8836
2100
6668
1646
3285
9751
1598
9317
88
614
712
749
6111
1675
3920
3846
678
2671
2486
2077
7353
1858
6283
8285
1059
5566
7526
8438
2458
6807
8133
5549
2138
1477
8273
3893
6367
9892
2806
4812
5447
6043
3425
4425
2567
3389
4026
1573
637
6797
2020
791
1334
4997
1411
7125
7681
1001
9918
5687
7603
4231
6852
4046
6572
5666
9299
3093
1242
5439
9287
9399
9868
4655
1649
9793
3114
8542
3736
1177
8884
9659
9908
2912
5240
6857
3192
5860
6744
8886
4111
6233
3355
4954
6923
6888
4914
66
2810
1016
4189
7438
5018
2109
6144
9031
1358
6046
8993
2229
418
7675
8115
3680
5995
1551
4535
9238
6115
1986
1185
748
4787
5923
9289
1208
7073
6708
1924
2431
6509
5509
7090
3978
9463
1670
6281
4110
1475
3991
2578
8284
2463
6850
1314
9174
308
9292
4748
8211
155
8232
2084
7701
4034
2221
2279
8425
8127
8601
506
2863
7205
501
4656
6347
8645
3738
5968
7179
7254
2212
9078
2041
2056
3111
7913
1571
277
3104
7005
8585
4617
3181
2506
3207
8579
4831
5868
1845
861
4591
1084
9355
7417
463
4431
2872
6844
3666
8414
3413
4128
4302
3766
3109
6868
561
1024
5888
5206
4962
8036
3905
1524
649
265
1388
5327
9538
2592
9907
8146
8094
7762
2251
8770
4875
9559
5083
9365
965
4969
3109
7704
8236
280
4296
1132
232
5743
565
4576
2922
1863
9216
9461
1381
8555
5946
286
8205
6123
2557
38
4991
6628
9783
295
7601
480
6010
5304
9307
4507
6147
2695
6998
9558
2682
7335
84
6383
857
6971
5585
3648
5537
2500
280
854
8473
2407
7705
5733
1241
1459
857
4683
9766
1201
7514
6002
190
9244
365
6810
295
1220
4117
903
5778
1758
7774
3702
7142
3918
2094
8613
8155
8504
1946
1556
5683
2514
3756
7991
3376
7278
7124
9213
5138
2567
1261
534
895
9562
8898
6416
1208
8344
4736
3682
6442
8936
9581
7677
3218
1586
441
9280
1093
9129
5140
2571
3871
6073
9857
5063
7881
1698
5993
5652
2257
114
9875
5778
133
8426
434
1540
4127
2698
3471
5633
2424
1663
2553
7501
6934
5246
8091
2072
4344
4289
8317
1189
2756
8721
2813
7486
5182
4404
1055
1414
1532
9738
6626
4575
1415
3491
6358
9613
2181
1395
6555
1787
8517
9288
6827
8812
4026
8651
9659
3477
9404
2149
4093
2217
8875
741
2746
324
1669
8879
7294
3133
1258
9206
868
4294
4223
6205
3284
53
3616
651
763
8312
1017
9421
538
9236
886
9120
2001
7279
2041
4672
317
6911
6652
1514
7551
7010
5240
4089
7695
6655
7621
3695
9729
669
2307
1809
1991
8723
6264
1321
647
3136
9419
694
5982
76
721
9686
5285
8398
1222
7607
692
8511
2863
1675
6740
6574
8061
1098
3865
4278
9155
8556
1951
5038
8156
1031
180
5167
5847
7205
6839
859
7493
2762
6848
4619
4629
9717
5760
1818
7420
2197
4154
8401
4939
9886
2066
8114
2732
923
9876
4745
9518
5478
8520
8799
225
8390
9717
6449
8739
8441
516
7841
7741
6306
4823
2603
1592
1524
7449
5355
2612
6240
6567
8253
7129
3291
4128
3557
6127
8372
1193
1552
4716
4628
9268
3418
1244
9431
4929
545
2598
8106
8933
1578
1404
262
7451
2979
4643
4828
3225
2425
7508
256
2420
651
4338
907
1302
3198
9388
2044
1279
1875
8646
9743
1801
4262
9907
721
7073
4647
4038
1155
7123
2398
1226
2893
7508
3915
5773
8452
8198
9276
1556
4095
6968
163
3819
9158
5276
4631
4093
1564
6686
2105
323
7503
7041
1226
6416
7085
1563
700
6492
5482
660
694
8686
2415
1931
2795
3792
1397
9098
2221
8478
3090
1324
573
7951
3571
1051
1047
1624
4811
1966
7852
8349
1995
1987
7040
2473
7139
745
4326
8511
8087
1202
2456
4002
6373
4583
683
9858
7302
429
8706
2424
9140
9062
6578
1461
8155
6939
4006
1030
690
5832
1172
1978
6412
1416
5567
8518
522
9427
7598
1001
611
6485
6509
6124
567
6257
3395
5789
7216
7238
708
7356
6858
7920
392
9732
485
1794
9596
6702
1897
1155
6103
2819
6889
647
5199
961
7898
1040
4573
1056
406
3715
4510
1045
6284
7440
427
2983
6827
653
8572
432
191
8098
7913
7733
1082
5018
2273
5162
9383
504
3134
7600
8667
3848
8232
7712
8189
4248
5753
4285
5623
7254
3713
2421
4141
2780
3260
3496
9230
2346
5472
317
8569
1186
4251
2784
7874
2090
2093
8272
2356
3373
9201
2633
2697
2963
8722
957
4104
1875
860
2488
5663
934
1440
3716
3009
6621
7052
6202
9393
1765
7418
7178
5216
8474
6504
5629
5124
6267
6408
5561
9353
8956
456
421
3500
3249
1861
8846
6614
906
8828
7049
9029
201
610
1593
2785
7468
1716
3395
2462
2743
6017
4385
1613
8178
2678
1060
2808
6883
3706
6365
1630
7837
7804
4750
1307
505
2905
8268
476
8019
5043
7
6098
8281
9742
9758
8853
6288
8077
4189
986
5816
2940
5112
3032
8208
8303
60
5543
3820
9771
452
7002
294
291
5594
8223
3844
2711
4846
1477
2361
6871
7452
189
1710
7422
5113
5924
2673
4477
8350
9392
5902
2693
5736
3000
7870
7050
431
9817
7502
3220
1861
1542
1841
1719
9746
3760
2920
4965
1246
3655
1697
8130
1662
6495
4798
2297
3299
6966
1448
7406
7999
6742
5699
915
1369
8838
8931
2878
2323
6757
4431
3803
6138
9578
8310
7870
1885
2069
6239
8956
7794
2074
3493
6315
8966
7616
707
6919
6996
437
4364
870
4839
2276
5678
5006
1395
8889
88
7893
9313
3204
8890
8569
4793
1997
9067
2674
1813
1943
4545
8501
4627
5591
4908
6442
1884
3559
372
8368
9315
1350
1797
5327
6768
9875
5160
6270
1165
6986
1428
6182
4560
9565
1236
7399
843
7943
2106
4810
1680
2349
196
4086
617
1318
31
4439
6983
6205
3578
2092
3177
8516
2124
2144
5728
8059
4008
3307
4769
3521
1039
3817
6346
1961
2374
3004
6040
7585
5115
2173
8760
4128
562
7961
7836
158
7109
8218
1489
7609
2347
835
1935
3461
2344
208
4320
5523
2630
317
565
7141
97
550
5301
8384
3753
9231
6407
2115
9940
9109
979
8295
6323
3509
2628
8504
4086
4907
7744
1700
4786
5709
3211
1505
1921
4857
4728
67
4746
7100
5650
286
7779
5349
2714
8697
133
4458
8402
3748
895
9177
314
4971
4237
1409
2840
2075
5834
5314
7677
5349
5076
3426
6134
4529
7247
7874
2560
9669
7389
7985
3088
6421
188
6399
9457
8477
2352
5428
5519
2957
3683
2385
4932
7220
1610
3479
2289
2080
4154
7767
1104
1765
7947
7995
3031
9901
8875
7491
7471
6942
2598
3970
214
1730
2053
3866
1522
9635
6260
1716
2759
6773
6473
3493
7051
2745
9057
8830
6295
7983
5005
5971
5729
4331
5902
1790
3272
3244
7052
6692
2543
1913
6797
7816
7566
4492
3332
1599
2789
7028
6552
2964
2786
7717
1591
5405
2309
1123
2203
2174
8914
5807
9580
6684
8839
6608
7525
7252
2191
9510
6187
2141
7670
2012
1419
3420
2718
8476
915
9895
9489
7383
2933
4411
3608
4869
8296
8545
3163
9337
8287
8287
5706
9832
7693
2043
2843
1260
4713
2422
3861
9141
3151
6950
6173
6543
5671
1972
1983
5705
314
3800
207
2069
6722
9665
3664
28
2769
7018
2725
4548
9557
3081
8198
5364
8858
1705
805
3894
7137
8170
3858
830
6208
8984
8188
9451
377
5802
2105
4764
7808
4811
4183
5397
4247
6862
131
4322
3660
4142
9227
3019
7109
6996
9423
1496
2283
6236
2605
9223
549
970
6494
9836
6086
2553
4506
7624
4138
4532
2403
5261
5532
8105
3009
8016
5148
2506
7226
7136
1008
5222
484
6727
9816
1608
6685
2815
4102
3726
3243
2134
4014
1821
7584
2437
4906
5650
5505
9821
6097
620
5399
9523
8089
6377
7861
6286
2378
8702
9594
6110
1781
9243
9434
1215
9861
3021
488
463
1845
5942
1143
9388
1603
1162
1681
401
19
1020
2215
9443
1478
7657
2347
1975
7004
466
570
5670
2200
7616
8926
9907
5412
1635
2435
7740
9973
4011
2840
1072
1039
8331
1544
689
6236
5659
9306
2057
4633
5085
2485
4529
3282
994
3240
9760
5199
5966
8089
9041
8655
1481
2877
3752
2724
8119
7128
6662
6190
6347
7253
7835
3069
1095
7575
2076
1377
5879
8017
1221
9957
6255
4819
8832
588
9889
7878
1046
3594
7684
4186
3910
4629
3666
606
8356
4237
7024
7344
1284
634
5699
5974
2199
1782
3649
1948
8069
3803
5222
8574
8268
1358
9384
2841
6903
3020
893
957
3331
1731
6876
8821
734
788
7601
10
5456
7400
6965
6501
6783
433
5037
2756
1102
722
1857
799
6757
8065
4384
3243
1831
5596
8546
2526
4543
3514
6158
6980
6829
8852
8478
8770
9072
8340
9551
489
3348
9356
237
365
2974
8793
2927
1783
3573
4826
2495
7080
9172
4796
7965
8558
1565
1896
4260
2204
1120
2783
668
6421
5548
1124
4946
5929
3125
4571
8613
4643
3047
8641
8354
5362
9850
2236
3539
2583
1366
1492
5395
4398
985
7939
2325
1489
5383
1945
9030
857
8945
7618
5007
1254
1753
1644
2416
81
7269
7315
6714
4880
2130
6256
9275
266
6506
594
1103
2347
25
2283
8533
3178
9741
1982
2192
8810
7756
519
9039
7054
4971
892
2592
2192
4268
3202
3472
3363
3287
7716
4149
4039
6428
127
2944
3438
7751
5937
5453
9773
6118
2916
1869
36
8695
9189
662
497
1413
394
5225
4482
789
7716
4133
1451
172
2752
5450
3031
4835
7460
8512
2001
8334
2345
5753
6661
1961
7491
9252
7827
4467
7113
1811
5636
4672
673
5360
5264
106
1275
2203
7487
2632
2050
4247
1678
2034
4174
3830
1461
211
1549
5762
1846
191
4691
3310
1305
8759
3951
5228
5446
6459
4449
1216
8530
208
5321
5044
8862
3074
7025
6573
4459
9675
1166
2078
867
1749
3811
4381
6148
652
5526
1923
3694
6440
3111
439
1088
8570
5630
7245
3070
8964
4196
458
7925
9710
8101
8539
7474
1654
5669
5847
9984
7431
113
5139
4672
6702
9399
3781
6942
6505
1016
5851
8097
7008
3244
5644
387
4761
7847
3695
9874
9879
859
826
7079
4994
4526
4734
4325
2669
462
5058
2692
1588
18
1004
3022
836
5602
695
1577
5520
4650
4770
2647
2848
426
2181
5930
877
2002
4106
1004
891
2029
2825
2670
9749
651
3651
8607
5664
3284
2916
4639
777
2553
5619
1813
816
6781
7468
142
5625
4676
5968
3671
8704
8618
6986
4029
9565
39
8070
1410
7480
6066
3405
3731
7839
5844
2612
1016
7814
1247
7350
235
4430
9935
4991
3980
2633
6991
1194
613
3853
1582
6797
3466
4807
9779
8980
7187
882
7215
5243
3709
7848
9955
7040
1645
535
18
1768
983
712
88
5504
3470
461
7691
5191
5661
5000
4448
9883
549
180
241
5745
5832
7950
7262
3529
9190
2291
2097
6417
7557
6753
3143
3577
2918
8214
1932
2406
6677
814
774
3739
8994
1419
4661
3429
4494
5957
1529
9062
5400
3685
2228
1364
8841
3180
8577
2451
7244
5897
1030
6912
4114
9979
6470
3151
1940
4196
2586
344
5003
1759
5665
2093
3805
8963
229
4208
9624
9031
3072
7938
5732
6392
6271
9503
996
6570
3702
2312
3678
1212
6437
5953
4971
8799
3241
6812
5456
6440
1829
9765
9902
2051
9586
2592
24
4922
9860
7632
6163
1543
8080
9401
7234
2199
571
9912
611
5215
2309
3362
7635
2387
1286
4522
1529
3813
919
4823
2562
2010
52
7685
5753
2915
1520
9243
4890
8539
6793
9405
727
6300
5246
3858
5178
9640
7711
6873
9196
7236
9924
2295
1685
983
4625
7508
1157
1108
9432
2200
5778
3683
8191
1184
1203
6599
1843
9733
765
924
4813
2527
1436
2671
7428
5397
5492
4659
2515
5800
7000
1777
77
561
746
3199
511
4328
7189
564
4564
4871
8904
3339
6030
8478
867
9142
1700
8200
9591
6133
6551
1134
2377
1048
4409
7322
6455
609
8656
9407
8543
1773
455
3287
9324
2644
1847
5533
4465
7551
100
748
1931
3033
5594
2311
9170
2073
8090
763
3969
4560
2415
9426
4679
78
1206
9385
1469
5481
4813
6004
4312
5649
5675
2049
2577
4797
6545
1738
4867
3994
6751
4191
7204
9462
7754
3795
8200
9016
7709
5526
8851
2306
3357
1667
7134
2201
5922
554
6284
4676
1282
6737
9069
5620
4512
5943
8018
5315
4133
3625
7937
80
1086
1544
3884
1193
1159
6874
4317
778
9717
1504
7077
1814
9178
7721
1110
2578
7429
4549
7309
5466
600
1117
772
4927
5438
2208
5510
4494
1916
241
260
2551
3207
2831
7320
9739
6071
8325
5385
263
1899
9699
1070
8465
4685
5820
8406
1233
455
467
7768
5298
6918
3183
4422
7833
9390
2838
8343
7269
2206
3465
9924
5335
6309
61
6915
5716
2228
7754
5235
5864
4502
327
1144
2286
767
1493
2328
8141
497
458
1540
9029
6628
8113
987
9627
3158
6273
1083
8753
1697
8011
8217
9993
6045
4456
8260
2683
8214
370
4741
6997
4703
50
9961
707
1622
8634
450
7071
3370
4819
4858
7850
507
1146
4634
3852
8768
167
4491
5929
2095
1422
699
8037
537
3689
8226
3305
3155
4214
2437
6869
6605
7517
5306
7496
6460
5669
6317
2815
5658
5831
1843
1434
8801
7586
2109
7845
5172
5857
1679
422
8415
1306
1665
7538
6528
1881
2646
3189
5029
156
9436
4177
1240
5056
5619
7670
6105
4924
2209
3956
8106
4988
661
8557
609
6641
3354
2734
8249
2199
2575
6799
8986
9175
1381
2057
458
2366
8632
4279
1284
9134
7281
4176
9336
6979
6155
7045
9155
6025
1910
7334
81
236
1209
2634
1104
9279
4282
2366
5271
1729
530
5965
2678
5534
9917
8945
1232
3234
6720
7001
3750
451
1790
379
246
4047
7292
9916
4756
6963
707
8046
1719
8733
1894
4489
7704
4837
5077
9918
5974
664
1250
4535
4445
7557
2242
9347
6377
716
9797
5345
6501
9010
7513
7322
1321
6234
60
9684
5363
257
9857
7748
1781
6857
7318
5123
6672
8249
7427
4053
9791
2738
5557
5462
4247
6949
5899
2662
8653
1331
3105
6247
5225
4245
4971
3332
8537
2734
7844
4388
9513
2333
2120
6351
5954
7431
8895
7408
7584
7284
6220
4460
7545
2601
6628
4642
891
1014
4402
6547
2212
6977
2538
1284
616
6723
1724
2226
335
1953
3612
5013
749
6910
6224
2024
2390
8031
5930
8855
5025
7007
3383
7386
2524
6883
5526
2610
961
8193
4461
2450
3671
9837
809
2208
6684
7076
8532
4379
4850
3213
988
1646
1463
540
705
2262
633
4377
5615
4385
5194
3616
4045
4568
6641
1434
2901
4543
7121
5916
2597
8378
8269
239
1285
4338
3516
1536
427
8423
6074
8888
5947
1784
1824
911
1763
1746
9924
6940
1958
9094
2067
3377
7606
8766
9807
8549
55
3024
2580
8289
1298
9523
9247
8799
2456
1474
1745
3631
5640
1248
8768
3964
2355
3099
8078
4703
2637
19
6430
8178
5158
4413
4629
5384
2202
6531
558
6971
7878
2510
1089
3942
6252
5943
8468
1509
9625
2058
9777
793
2212
6300
3546
944
890
2366
4251
8036
5304
2114
6016
8691
6696
254
9015
4335
4705
5439
2662
198
7912
7632
9712
9877
187
411
260
9113
1519
863
2103
7750
8615
2515
9027
1548
2889
9306
447
1558
476
8551
8705
6597
1477
98
833
7756
722
8556
8512
8173
8518
7663
1593
5925
7334
9498
343
4339
9219
5612
9288
9294
7593
5390
9680
1176
7575
2742
4545
8749
4833
9177
1449
3697
9523
3137
1772
3241
4598
5503
2963
1752
1479
9283
2117
1981
2358
8026
9670
3595
6157
4199
4142
1354
626
8677
2443
4444
990
4443
3273
1458
2095
2097
896
3775
442
7666
2367
6749
7717
6931
7800
9311
8165
3811
1052
6311
9731
7379
584
2505
884
856
1088
7152
7929
1615
6715
7952
7060
8048
8367
8827
1949
3670
623
7063
1732
9390
2626
4304
4663
1742
1734
2906
2294
4440
404
10
7125
1662
5126
5910
9842
5528
2326
5513
1224
5540
521
1980
7603
1838
412
1138
2820
6817
5597
242
6007
4188
1405
7530
8756
9864
4869
9345
8243
73
1031
1470
948
7075
9494
7864
9053
1727
3369
8094
965
1742
4347
1560
4017
1501
2231
3197
1868
7177
6018
1974
5468
2581
6409
883
4819
5018
5309
813
9972
5951
1564
7451
7415
9769
9586
6105
5198
4212
272
4917
6345
834
2844
2636
8358
132
3800
950
525
6951
6247
4605
5739
1424
4813
8883
1950
6412
9783
5316
9329
7489
6716
313
7639
2457
8226
351
4541
8544
2403
536
5291
1691
353
5904
9500
8235
1800
3171
6191
9363
7571
5229
2028
1590
5410
4418
9675
9813
4714
3471
3281
4744
1741
2480
2540
6106
5164
5076
1234
8762
2443
638
2773
8671
5380
5741
9737
5419
7294
3166
7769
8660
5438
7392
1895
1983
4767
3208
4563
2014
3455
3415
1150
7947
9674
6441
1774
8245
7082
126
1780
5243
847
8206
1421
5462
8892
1273
5415
4236
3586
910
2900
7346
529
8317
787
7218
2764
3805
1917
2526
1820
9730
7374
6435
2392
8586
3733
9121
356
2871
7805
1306
9687
4594
6444
1241
481
9774
1836
9110
5597
8138
7961
8951
9379
9979
2042
6552
2593
2058
5779
2958
1483
3449
1514
9720
9553
7068
8
8311
2752
7126
8819
4912
507
3985
714
1744
4972
6034
2817
1871
485
7724
829
792
6524
804
3042
3880
7991
485
6155
405
4884
7589
5481
1953
6892
1176
4769
8111
4504
5923
6687
3125
9236
3395
6911
5426
1348
1295
1133
8994
9797
9835
891
1216
5125
2895
132
507
3237
600
94
220
7549
8845
4613
7463
689
3028
9846
7376
2771
8742
2857
8720
4041
9904
915
7304
5521
6012
3610
7125
4546
5775
730
4052
3573
3108
3703
9608
8691
5049
7844
1547
5776
8664
5524
9681
5001
2042
4112
3219
8874
1511
4968
3578
4707
6192
109
649
3100
1552
494
2016
7366
4144
7201
2463
1652
4747
2037
7304
5258
2082
1157
7321
1716
2176
1024
9448
2731
6000
2407
6543
1060
4910
4710
9754
3257
539
3382
5294
1083
9573
1618
2365
5896
6374
8665
2327
8842
332
8532
1587
7153
7241
3289
8734
2754
3724
3503
7779
7327
8288
1074
9277
41
6067
4425
1177
563
6825
5590
3790
8937
9874
9166
8737
6624
5033
9450
8852
1552
8831
1709
2320
6368
4440
6231
5235
7665
6868
474
7563
2782
2352
5195
6068
689
3022
6042
1950
8041
690
3093
5250
283
4239
3210
6342
3815
4450
5388
7200
7581
8428
2440
5080
3744
7654
3481
64
4921
1616
4568
1864
3630
1706
1352
6429
9269
4103
4913
818
420
7215
3755
7042
1211
9204
4477
564
5044
5623
1047
4624
2729
3755
2253
1778
5127
3691
1733
253
5458
2728
771
2849
490
3765
2098
7055
44
8550
438
8396
203
470
4175
325
9200
9449
4977
1427
1200
1313
9730
1103
4189
4197
6724
7271
7984
494
4723
8320
6069
3108
1953
5631
1751
7705
4257
3971
8670
4820
2672
5477
8742
1201
9690
4516
8659
4406
5676
826
6481
2649
9014
3170
3312
48
4852
5518
9248
7769
4925
580
1545
3180
6107
7193
4655
1070
620
4225
4964
3351
9560
261
2398
9142
4373
54
3690
9955
8823
3601
97
6357
9675
8388
6683
3590
758
3424
241
9123
8010
1599
5303
7048
3577
1928
1449
9772
8253
352
1205
5497
5862
2819
6378
703
6565
1172
8095
8424
2858
3697
104
9231
9529
7035
6740
9085
5378
9764
7290
2692
6689
2506
3222
800
9827
8867
3230
1483
4650
1449
3833
128
4226
632
6434
6818
5045
7589
7066
6894
3036
5234
636
893
6824
1487
6693
1711
3072
723
2804
517
9643
7148
8110
4205
2672
4451
6100
547
7116
2099
1753
2566
5188
8587
3327
6793
1164
5586
8258
6123
5271
6971
5303
9337
9615
4073
2838
8626
7784
7125
6965
3628
7056
1469
9703
9013
3354
2527
5014
8604
8923
3447
2492
6273
1636
3445
2200
9995
3937
2467
3487
3320
5057
2309
9329
2618
6392
1985
2237
8976
1345
7201
3271
2498
7848
1367
1898
3426
7159
6048
2697
4591
2079
4892
6042
539
6041
4909
437
4159
9421
1023
1497
446
3011
4823
1248
8856
2681
6830
580
2816
5172
3824
4066
9359
2442
9295
8286
4858
32
3678
5191
1346
95
4091
9324
7259
7068
1788
1503
4319
2408
7838
729
3139
405
9962
4606
7307
9979
5081
482
7721
1337
7273
3933
4812
4464
8736
9387
2711
3036
416
1847
1774
2452
5260
6185
5849
7429
298
2173
3874
3658
521
3782
3489
2559
581
1794
4522
1285
5929
4256
2181
1496
2469
9072
2287
4576
1424
5418
63
6821
6975
2561
6076
135
870
7401
2173
492
6830
9767
9056
5435
472
184
1103
3752
4177
2981
2655
5569
2359
3909
3899
7961
1739
7923
818
2179
119
7986
6444
2689
3170
542
8354
8397
1650
676
8543
9209
6881
2149
3393
4274
7346
4695
3732
9546
5654
1645
3921
6069
8379
5609
2563
9860
9284
7775
3963
2641
4142
8395
6133
1530
3458
9541
7242
8465
2119
643
6487
7187
1658
3264
1549
9912
9056
5164
1114
6155
4555
7349
4441
1994
9020
9684
7077
6976
9480
9227
1956
2833
8301
413
9858
4886
5238
2158
9739
7530
7822
1629
2285
387
5938
7599
8252
3589
7306
207
7736
4916
601
4658
9325
6824
338
1695
7257
4214
1342
7887
6788
1133
5659
6433
4795
1118
5015
466
2908
7055
8094
9355
7593
4353
208
187
1063
8049
7591
7062
6230
9516
2615
4222
358
7
6646
5825
440
6062
4062
979
1586
4651
1377
1310
7335
2009
9469
920
2183
9
4992
2004
4355
821
4061
6602
5908
4772
895
5435
3980
1533
9598
2768
1084
9727
6048
8723
408
7664
3169
736
6776
6468
7798
6829
3088
6161
7151
7752
3059
2560
7131
4688
8195
2807
2801
4038
3244
6741
1995
6421
4818
7661
5189
2032
6184
5671
7671
3963
1858
3747
7135
5470
3917
3936
6595
8933
4110
2828
9558
5738
1096
5148
6920
6679
1186
9518
5299
9159
7432
141
3923
813
4560
1414
437
9831
3168
1800
1668
9283
4239
4161
9072
1267
1865
5911
464
6030
4439
851
7289
2967
5758
9717
2255
6946
150
6980
6139
243
4590
8196
9038
1865
9934
9726
3798
7292
2382
9738
6446
2115
8981
9408
9498
297
5076
1680
356
5152
4564
9726
1121
8070
5501
4178
2055
1384
2824
1871
9010
6116
4744
98
9653
4227
2420
1885
2831
551
1464
3685
4206
9585
5662
9577
808
8039
838
340
5479
1332
1421
8533
3701
8528
5453
5181
9033
2817
1697
7688
7776
3378
5212
6543
4639
9475
2715
6765
808
129
1960
1041
8172
7447
4144
7108
2800
7749
9271
6955
4371
8225
3930
1471
5086
4060
8038
876
4156
998
2936
8582
3708
1939
1684
6963
3893
8880
2425
9428
4570
8785
2708
709
9823
6685
2437
2328
5451
8764
6095
2557
1053
1951
7460
630
5507
3234
8512
920
4953
2606
4692
6595
7183
561
7143
2293
8335
7874
680
6220
9437
2591
5382
331
1664
2441
6067
6223
608
8195
7095
2450
7807
23
3825
448
7069
7930
4963
3704
4439
1249
8799
7813
1521
3011
172
6670
4372
4353
7518
6907
9832
6468
7253
3513
9990
6789
8708
1055
4759
2003
6421
674
3473
5184
2363
486
6516
5037
3848
6358
6655
7463
1840
4517
1913
6370
7725
1270
509
7606
7733
842
4820
343
8425
904
2121
1497
1551
5281
1802
1154
5522
2772
2379
8802
5016
5423
767
290
1685
4744
9433
1481
6847
5803
959
1029
4049
3237
5201
9384
9795
800
6409
7456
1834
1887
3635
5259
9468
9709
5806
2698
6983
257
8180
4710
9554
2293
5847
2737
7828
3463
6092
7695
531
8655
5900
692
8992
3986
697
2831
4162
839
2942
4359
6016
9048
1130
8165
6547
1963
9950
6995
7914
3377
4484
6435
9120
8782
3491
3667
4459
4155
2049
191
4358
2409
4152
9608
5234
8135
8572
3555
7737
3973
1243
3685
9571
9241
7766
2766
8860
5858
4816
2179
3797
6652
6996
6129
1609
9396
4540
8751
2132
8892
9903
7219
3471
7056
2234
5335
1055
1802
7587
1325
3871
4499
8937
5841
9467
8060
6656
8543
3391
2028
3932
5236
5710
3338
1372
8409
1367
9293
7241
8669
8693
6785
1583
9490
7767
9406
9611
5979
4799
5380
5829
2837
7902
137
2128
1780
7200
2599
3008
1902
4644
8991
7163
8158
4799
2658
2595
7586
1953
3218
7251
7414
360
148
40
6340
5284
4153
7618
2956
411
5229
2411
7249
1613
3727
6023
8532
938
8690
4749
3413
8035
388
7317
9015
5039
8109
1138
2132
3375
6570
2098
9521
644
2795
3715
5106
1583
3881
2232
993
7433
3677
4701
2347
8772
7692
6007
3675
7842
903
9136
8876
964
2211
9073
6425
6006
1923
6800
4679
393
7103
6717
8374
4193
5583
375
1747
1440
3528
6837
2594
2706
91
3858
1146
6827
9578
9336
8097
8974
2540
6144
9946
7280
2803
1752
5083
108
2300
6566
324
5911
4919
8989
2365
5719
9800
7741
1920
7776
7613
4992
9111
4207
9808
9298
5287
2442
4815
673
3229
5463
8411
9542
743
2813
6702
7617
4694
2584
1712
2284
1090
353
5243
3129
3199
9997
8237
5629
8207
1029
4079
9361
9673
7206
9668
8695
1640
4265
3956
2090
3815
1270
2058
6889
619
9844
6954
8037
6577
1508
8598
8521
394
592
1187
3530
1427
173
5192
9342
2890
8088
455
2786
6719
9809
9711
9046
4007
4625
9905
300
5143
5953
1297
1234
9247
7102
5568
1788
4292
552
2904
869
4114
7178
8215
9223
9842
2223
6463
2441
5177
2290
2157
2744
3233
1254
9785
2842
4812
7832
685
2191
5813
9138
4378
2184
9834
5297
1368
7821
3015
6218
6076
1481
5060
2648
6910
9417
83
9417
3819
5045
5666
1722
1417
4126
8280
5311
2937
825
1710
4647
6674
8218
7738
3280
6588
373
1444
1591
5529
6960
163
7843
8299
765
200
8755
2978
2423
4334
6164
532
5531
7423
9847
6658
6457
5931
4115
3721
299
9285
5047
8902
86
6142
1970
1950
9150
8374
9591
5421
1902
4767
7595
5725
1848
8965
3697
4473
9498
5323
9704
1378
531
440
3187
3122
3908
1874
5401
2655
9593
6281
8222
7986
5834
1255
562
457
1197
3542
4889
9690
3823
868
3242
8777
5491
2179
7659
108
1002
1859
4574
4332
3236
1635
9173
1167
8053
9573
1435
68
2523
5603
2582
2430
3679
4927
1079
6373
4682
5103
9524
409
4698
1352
2617
3848
6870
362
4506
2642
7470
525
3676
4412
5094
4858
1685
1810
5108
269
8384
1184
3928
8153
213
322
3708
4013
4537
2698
7100
5366
7522
2002
4984
4117
6382
1603
3256
962
85
1029
4079
1217
5515
2600
8578
8116
9354
115
1467
4049
9712
3802
745
7926
5189
405
8954
4218
1392
8399
5900
3573
6586
1245
4241
5907
6339
1440
7409
1124
6691
3803
3412
2680
3124
1385
4416
1882
1726
105
2623
1546
1715
1692
4325
9679
3565
6545
8785
3485
8324
3950
7858
5891
3636
33
2204
1240
1582
3191
3114
9384
5838
1854
5462
361
3437
9222
9895
787
8632
4318
9786
3935
9057
1820
885
4030
2309
9420
5512
4142
1453
4093
8005
2649
4808
3687
4945
5182
1273
2034
715
9508
5485
3956
9324
2396
7920
8841
5024
3623
2512
4248
7732
2936
3698
963
9360
9594
372
367
6088
757
8659
6773
6861
2174
8222
8808
9785
1644
8475
807
507
1122
5576
4006
4271
8090
9172
1704
1906
7182
8863
5440
4181
9117
8735
1865
2479
844
5924
5841
2104
6747
6191
1437
7043
3114
5678
2650
7612
2315
8011
6624
7651
4617
5271
8251
9751
6666
9857
8013
5366
1345
1323
6862
7028
5287
1790
469
3994
4715
3580
4652
2561
535
5895
1807
1119
421
8193
357
9489
2194
8611
8099
7258
9010
4642
829
1547
9588
2702
3934
1252
1223
5517
7065
505
8637
1624
9761
1448
607
2708
3494
1098
2161
6916
4801
984
9368
5997
9427
1121
6825
762
7049
1001
244
1281
5458
1155
1632
6037
2675
9203
1624
9053
9723
1789
8599
4294
1459
2338
6544
820
8649
8764
3906
9535
8845
6791
458
8539
6938
8387
5065
1624
9561
6039
3959
3692
6515
1945
887
9325
3414
2651
8749
3220
858
2696
7918
4222
6020
1791
3015
181
7051
8479
9665
8558
6633
4180
